Labels: ['.' 'ADJ' 'ADP' 'ADV' 'CONJ' 'DET' 'NOUN' 'NUM' 'PRON' 'PRT' 'VERB' 'X' '^']
30115.0 0.0 0.0 0.0 0.0 0.0 0.0 0.0 0.0 0.0 0.0 0.0 0.0
0.0 17178.0 10.0 444.0 0.0 0.0 1181.0 5.0 0.0 4.0 117.0 0.0 0.0
0.0 19.0 30183.0 282.0 33.0 80.0 6.0 0.0 22.0 414.0 9.0 0.0 0.0
0.0 364.0 204.0 10116.0 13.0 29.0 132.0 0.0 0.0 67.0 46.0 0.0 0.0
0.0 1.0 0.0 26.0 7632.0 0.0 0.0 0.0 0.0 3.0 0.0 0.0 0.0
0.0 1.0 122.0 9.0 14.0 29226.0 0.0 0.0 78.0 4.0 1.0 0.0 0.0
1.0 1459.0 13.0 55.0 0.0 13.0 64013.0 101.0 8.0 5.0 1073.0 0.0 0.0
0.0 126.0 0.0 17.0 0.0 0.0 347.0 3456.0 0.0 0.0 24.0 0.0 0.0
0.0 2.0 79.0 2.0 0.0 49.0 1.0 1.0 8068.0 0.0 2.0 0.0 0.0
0.0 47.0 344.0 41.0 0.0 0.0 19.0 0.0 0.0 5325.0 15.0 0.0 0.0
0.0 182.0 24.0 43.0 0.0 0.0 1118.0 0.0 0.0 3.0 35755.0 0.0 0.0
1.0 31.0 0.0 1.0 0.0 3.0 197.0 35.0 0.0 0.0 12.0 0.0 0.0
0.0 0.0 0.0 0.0 0.0 0.0 0.0 0.0 0.0 0.0 0.0 0.0 11468.0